12965 12981
21490 21507
21511 21513
21514 21528
21538 21541
21700 21723
21771 21790
21794 21800
21836 21868
21892 21930
21955 21968
21979 21980
21981 21986
22119 22154
22155 22207
22375 22414
22416 22431
22434 22436
22535 22544
22553 22556
22561 22613
22666 22698
22699 22710
22717 22745
22786 22923
23000 23102
23174 23233
23278 23333
23353 23384
23409 23415
23416 23457
23492 23587
23705 23744
23794 23803
23852 23880
23913 23935
24007 24041
24210 24234
36922 37091
37092 37112
37120 37124
37134 37136
37139 37191
37199 37222
37548 37627
38852 38895
40305 40319
40332 40344
43676 43695
43709 43740
55592 55652
58118 58140
58160 58187
58346 58367
60093 60172
73752 73809
80675 80749
83982 84081
84265 84296
84297 84341
84342 84407
84483 84551
84552 84611
84694 84721
84722 84748 
88167 88219
90868 90915
90938 90976
91744 91764
91765 91799
92085 92120
92266 92339
92553 92582
92583 92613
92614 92647
92679 92734
93173 93251
116254 116290
124683 124712
124746 124751
124761 124772
124792 124804
124872 124876
124878 124882
124895 124903
131459 131506
134011 134038
134281 134321
134338 134391
134419 134500
135182 135272
135273 135324
135861 135897
136103 136129
138410 138414
138416 138416
138418 138418
138420 138420
138422 138447
138467 138510
138529 138543
138576 138583
138658 138660
138666 138676
138682 138730
138734 138751
138851 138884
138901 138934
139164 139194
139449 139543
142222 142331
146643 146665
146666 146712
146713 146732
146746 146763
146830 146855
146864 146895
146953 147005
147006 147042
147043 147068
147637 147688
147766 147790
150370 150476
150668 150695
150703 150714
152114 152121
152123 152133
152151 152195
152196 152244
152541 152574
152575 152601
152652 152676
152881 152909
152938 152967
153160 153176
153193 153198
153702 153719
153795 153895
154380 154416
154474 154498
154500 154510
154513 154516
157480 157511
158490 158537
158857 158961
159042 159138
159152 159166
159167 159248
159249 159281
159492 159535
159536 159564
160222 160267
160999 161040
161149 161238
161251 161290
162030 162071
162071 162102
162208 162218
162259 162272
162337 162353
162362 162383
162409 162416
162434 162438
162488 162516
162594 162601
162631 162659
162831 162847
163127 163135
163143 163146
163163 163169
163230 163247
163509 163528
164251 164279
164970 164980
165248 165265
165289 165299
165303 165319
165357 165375
165480 165508
165589 165603
165736 165758
165956 165956
165959 166053
166628 166686
166713 166754
166755 166832
166833 166885
166890 166922
166996 167033
167034 167071
167072 167123
167124 167161
167162 167189
167190 167226
167227 167280
167281 167308
167309 167365
167366 167390
167391 167408
167409 167434
167469 167482
167542 167549
167550 167557
167558 167572
167573 167593
167618 167631
167632 167636
167640 167647
167648 167659
167682 167701
167702 167724
167784 167802
167830 167846
167847 167864
167865 167891
167903 167922
167923 167929
168020 168043
168495 168526
168599 168625
168626 168691
169023 169050
169076 169121
169350 169365
174578 174618
175075 175102
175105 175135
175436 175446
175782 175789
176789 176812
179227 179476
180728 180752
180823 180827
180832 180840
180948 180962
180965 180973
181351 181357
181799 181809
183716 183791
191083 191145
194300 194335
195033 195064
196052 196069
196073 196092
196357 196390
204213 204263
204738 204793
205062 205112
