1790 2700 red blue white
2783 3185
4835 4849
4854 4865 blue white
4887 4896
4900 4900
4906 4907
4910 4928
4929 4941 blue white
4942 4956
4974 4981
4982 4987
4988 4996
5019 5025 blue
5097 5104
5105 5110
5111 5130
5131 5137
5138 5162
5260 5275 blue white
5276 5284 blue white
5285 5313 blue white
5314 5333 blue
5341 5345
5346 5361
5362 5369 blue
5370 5376 blue white
5377 5385 
5386 5441 blue
5504 5551 blue
5661 5670 blue
5695 5711 blue
5737 5752 blue
5756 5761 blue
9968 9988
10013 10047
10048 10065
10066 10080
10081 10097
10098 10113
10120 10123
10134 10151
10224 10252
10738 10758
10761 10782
10812 10860
11043 11117
11256 11304
11312 11327
11328 11337
11338 11352
11353 11423
11436 11475
11487 11497
11530 11553
11582 11599
11648 11688
11702 11733
11734 11746
11747 11778
11779 11818
11850 11908
11996 12041
12042 12046
12048 12054
12058 12070
12081 12109
12110 12114
12116 12160
12204 12244 red
12251 12256
12268 12285
12286 12331
12336 12371
12375 12399
12436 12489
12490 12518
12520 12581
12582 12607
12608 12638
12639 12699
12700 12721
12722 12743
12744 12777
12778 12797
12798 12829
12830 12847
12848 12874
12875 12877
12880 12909
12910 12941
12965 12981
12982 12988
13015 13049
13050 13074
13111 13142
13143 13180
13247 13280
13789 13848
13962 14083 red
21987 21987 white
23414 23414 white
23417 23417 white
23807 23828
24044 24053
24054 24076
31007 31021
31023 31028
31074 31085
31128 31187
31321 31390
31579 31613
31614 31638
34419 34469 blue
34742 34748 blue
59561 59579
59580 59598
59599 59627
59628 59652
59653 59666
59668 59673
59674 59709
59768 59798
59841 59958
69500 69548
69549 69727
69728 69782 
69934 70001 
82014 82055
82057 82073
82103 82113
82129 82143
82144 82176
82177 82208
82209 82225
82226 82269
82273 82284
82293 82337
82338 82396
98132 98215
98231 98250 blue
98293 98358 white
98359 98389 white
98455 98588 white
98718 98771 white
98772 98847 white
98848 98912 white
98913 98967 blue white
98970 99027 blue white
99073 99108 blue white
99146 99191 white
99221 99252 blue
99313 99466 white
99517 99569 white
99653 99687 white blue
99688 99793 white
99794 99851 white
100015 100095
100096 100127 white
100176 100265 white
100285 100327 blue white
100458 100502 blue white
100520 100566 blue white
100821 100902 blue white
101038 101151 blue
101612 101653 blue
101994 102019
102268 102314 blue
102315 103398 blue
103826 103928 blue
108861 108879 blue
108883 108886
109520 109548
109711 109715
109718 109722
109848 109882
109976 110012
110017 110026
110029 110044
110049 110056
110085 110096
110097 110103
110105 110118
110119 110124
110126 110143
110144 110165
110354 110361
110363 110371
110397 110406
110410 110451
110452 110500
110501 110526
110542 110557
110558 110591
110592 110612
110613 110676
110677 110692 blue white
110693 110702 blue white
110711 110722
110723 110750
110751 110778
110876 110921
111263 111274
111276 111289
111610 111631
111632 111663
111664 111680
111682 111684
111688 111701
111702 111723
111724 111781
111782 111868
111869 111890
111953 111967
111968 111985
112020 112021
112022 112047
112048 112090
112091 112123
112124 112154
112202 112236
112237 112291
112292 112358
112530 112574
112575 112596
112598 112600
112604 112614
112843 112850
112863 112883
112904 112911
112932 112972
112977 112981
112993 112993
113002 113016
113032 113032
113075 113106
113818 113826
113880 113883
113892 113901
113937 113960
114017 114063
114064 114080
114097 114115
114126 114130
114147 114162
114163 114171
114172 114207
114417 114456
114457 114498
114737 114813
114814 114854
114876 114915
114946 114993
115030 115106
115107 115135
115143 115168
115182 115197
115310 115356
115357 115377
115378 115414
115450 115497
115498 115632 blue white
117521 117590 blue
117630 117692 blue white
117761 117788 blue
117795 117809 blue
118277 118382 blue white
119440 119505
120346 120446 blue
121232 121276 blue
121279 121342 blue
121349 121361 blue
121594 121616 blue
121643 121700 blue white
121721 121722 blue white
121827 121893 blue
121902 121935 blue
121974 121988 blue
122030 122046 blue
122057 122113 blue
122115 122136 blue
122213 122278 blue
122342 122432 blue
122505 122505 blue white
122510 122510 blue white
122515 122515
122517 122517
122519 122521 blue white
122526 122535 blue white
122544 122554 blue white
122568 122568 blue white
122589 122613
122639 122676 white blue
122677 122710 blue
122776 122822 white blue
122825 122825 blue
122826 122851 white
122938 122984 white blue
122985 123009 white blue
123010 123041 white blue
123042 123053 blue
123059 123072 blue
123073 123139 blue white
123140 123190 blue white
123199 123215 white
123216 123260 blue
123293 123354 blue
123410 123415 blue
123422 123457 blue
123533 123630 blue
123632 123635 blue
123639 123649 white
123650 123666 white blue
124032 124079 white blue
124176 124187 white
124188 124200 white blue
124231 124245
124246 124265
124266 124290
124302 124303 blue
124306 124317 blue
124326 124338 blue
124342 124346
124360 124361
124366 124376
124377 124380 blue white
124381 124391
124406 124412
124413 124441
124443 124447
124464 124561
124563 124565
124569 124578
124580 124618
124619 124647
124652 124664
124671 124682
124683 124712
124713 124732
124745 124772
124773 124791
124792 124804
124805 124842
124846 124853
124855 124871
124877 124903
124904 124936
124937 124955
124956 124978
124983 124994
124998 124998
125026 125034
125038 125066
125067 125083
125084 125103
125104 125116
125117 125127
125128 125142
125143 125158
125159 125170
125171 125189
125193 125194 blue white
125197 125202 blue white
125204 125210 blue white
125213 125215 blue white
125251 125309 blue white
125379 125494 blue
125581 125641 blue
125669 125730
125737 125743 white blue
125745 125786 white blue
125787 125833
125834 125862 blue
125863 125886 blue
125889 125896 blue
125922 125922 blue
125924 125927 blue
125936 125936 blue
125940 125946 blue
125958 126002
126065 126131 blue
126336 126372 blue
126429 126460 
126626 126626 blue
126629 126631 blue
126634 126635 blue
126637 126643 blue
126644 126645 blue
126647 126647 blue
126649 126649 blue
126653 126653 blue
126660 126660 blue
126704 126716 
131347 131402
131413 131443
131456 131458
131459 131506
131507 131643
131646 131659
131722 131820
131822 131830
131832 131832
131907 131913
131940 131954
131956 132042
132122 132204
132209 132254
132402 132423
132461 132467
132510 132577
132981 133040
133041 133065
133086 133149
133150 133176
133188 133197
133202 133204
133209 133213
133220 133245
135385 135398
135409 135425
135737 135743
135758 135760
135767 135775
135810 135812
135814 135823
135826 135834
136364 136365
136382 136387
136970 136984
138414 138414
138416 138416
138418 138418
138420 138420
138422 138430
138431 138443
138445 138445
138448 138466
138467 138467
138469 138469
138471 138471
138473 138473
138475 138479
138484 138484
138486 138494
138495 138510
138511 138528
138529 138543
138544 138558
138559 138575
138576 138588
138589 138603
138618 138623
138629 138639
138640 138660
138661 138676
138677 138692
138693 138720
138721 138733
138734 138778
138783 138788
139447 139512
139536 139543
139934 139950
139996 140006
140029 140035
140036 140040
140041 140052
140053 140056
140057 140069
140070 140099
140100 140120
140142 140158
140160 140160
140163 140167
150452 150473 blue white
150775 150796 blue white
150859 150869 blue white
158693 158800 blue
162545 162557 blue
163611 163638 blue
163642 163649 blue
164316 164337 blue
164343 164356 blue
164358 164359 blue
164361 164362 blue
164364 164376 blue
164378 164400 blue
164402 164402 blue
164504 164515 blue
164520 164534 blue
164773 164774
164788 164789
164831 164838
164844 164844
164878 164881
164889 164891
164894 164908
164909 164917
164921 164928
165205 165207
165210 165219
165553 165570 blue
167367 167370 white
167375 167378 white
167411 167434
167561 167562
167567 167567
167573 167593
167594 167617
167633 167636
167641 167643
167645 167645
167650 167650
167655 167655
167658 167659 white blue
167660 167681
167702 167706
167710 167714
167717 167722
167725 167748
167749 167760
167761 167783
167785 167785
167787 167802
167850 167854
167857 167861
168268 168280 blue
168423 168440 blue
168656 168701 blue
168772 168795 blue
168848 168864 blue
168866 168878 blue
168932 168941 blue
168956 168957 blue
168960 168961 blue
169023 169061 blue
169076 169104 blue
169142 169152 blue
169155 169170 blue
169173 169187 blue
169194 169201 blue
169215 169246 blue
169247 169275 blue
169289 169313 blue
169314 169329 blue red
169350 169365 blue
169366 169390 blue
169407 169419 blue
169428 169430 blue
169445 169452 blue
169454 169481 blue
169482 169491
169497 169507
169510 169526 blue
169565 169610 blue
172188 172222
172302 172322
172406 172563
172765 172800 blue white green
172801 172808 blue
172951 173038
175703 175704 
175706 175714
176750 176760 blue
176774 176788 blue
176789 176791 blue
176793 176794 blue
176796 176805 blue
176812 176812 blue
176813 176825 blue
176826 176840 blue
176842 176858 blue
176859 176869 blue white
176939 176956 blue white
176995 176999 blue
177002 177003 blue
177013 177019 blue
177020 177031 blue red white
177051 177063 blue
177067 177090 blue white
177091 177104 blue
177129 177145 blue
177158 177181 blue
177198 177198 blue
177217 177217 blue
177219 177221 blue
177236 177268 blue
177270 177270 blue
177303 177316 blue
177354 177356 blue
177361 177361 blue
177406 177407 blue
177409 177409 blue
177505 177506 blue
177534 177534 blue
177537 177538 blue
177541 177541 blue
177552 177581 blue
177597 177608 blue
177621 177630 blue
177636 177637 blue
177643 177644 blue
177659 177659 blue
177666 177675 blue
177682 177687 blue
177700 177701 blue
177703 177703 blue
177707 177712 blue
177717 177718 blue
177731 177733 blue
177736 177760 blue
177791 177793 blue
177795 177824 blue
177825 177845 blue
177923 177938 blue
177947 177974 blue
178247 178255 blue
178318 178326 blue
178330 178332 blue
178371 178373 blue
178461 178461 blue
178469 178469 blue
178481 178481 blue
178484 178485 blue
178527 178538 blue
178541 178543 blue
178545 178545 blue
178549 178557 blue
178559 178564 blue
178572 178581 blue
178616 178617 blue
178619 178619 blue
178621 178627 blue 
178629 178630 blue
178693 178696 blue
178708 178709 blue
179973 180073
180387 180395
180512 180560
180631 180645
180681 180727
180728 180752 
180753 180785 blue white
180824 180849 
180850 180875
180876 180876
180878 180899
180913 180923
180924 180940
180941 180947
180974 180985
181184 181215 blue
181287 181311 blue
181356 181365
181369 181385
181386 181402
181404 181404
181405 181418
181419 181435
181436 181460
181502 181524
181795 181798
181799 181809
181918 181942
181943 181982
181983 182007
182111 182118
182183 182183
182329 182365
182366 182381
182426 182477
182492 182530
182531 182560
182561 182585
182586 182637
182707 182709
196593 196604
196641 196660
196987 197010
197044 197087 blue
197088 197094 blue
197253 197300 blue
197315 197358 blue
197418 197463 white
197552 197613 blue
197797 197804 blue
197808 197829
197864 197893
197910 197916
197936 197960 blue white
197988 198013 blue white
199816 199817 blue
199820 199820 blue
199824 199826 blue
199829 199831 blue
199833 199833 blue
199835 199885
199886 200018 white blue
200019 200073
200154 200284 blue
200285 200325 blue white
200362 200381 white
200490 200574 white blue
200575 200632 white blue
200704 200793
201157 201273 blue white
207202 207372
207373 207503
207504 207559
207591 207594
207672 207723