1490 1859 
2009 2114 
2274 2279
2314 2322
2353 2360
2382 2391
2412 2465 
2475 2477 
2479 2497 
2512 2513
2515 2536 
2538 2539 
2622 2900 
2943 3073 
3074 3360 
3361 3545 
3583 4024 
4352 4380 
4451 4475
4476 4524 
4525 4604 
4605 4704 
4992 5011 
5055 5065
5086 5161 
6033 6068 
9964 9969
9981 9989 
10001 10001
10017 10029
10109 10111 
10113 10113 
10119 10119
10121 10163 
10495 10498
52034 52037 
52038 52040 red
52041 52045 
52047 52047 
52049 52049 
52056 52058 
52066 52066
52242 52276 
52321 52361 
52363 52373 
52608 52615 
52623 52625 
54338 54345
55188 55193
55328 55330 
55334 55336 
55339 55341 
55345 55348 
55567 55592 
58044 58045 
58048 58053
58055 58063 
58065 58089 
58093 58164
84863 84891 
84992 85047 
85104 85106
85111 85170 
86368 86408 
86415 86435 
86490 86499 
86507 86514 
86516 86521 
86524 86536 
86541 86548 
86552 86553 
86557 86561 
86562 86562
86568 86579
86588 86666 
87709 87731
88034 88111 
88300 88325 
88418 88461 
98634 98877 
101681 101720 
102201 102223 
102232 102260 
106136 106154 
106343 106353 
106354 106509 
106603 106808 
106878 106881
106882 107046 
107105 107195 
107239 107271 
107313 107351 
107408 107616 
107687 107880 
107993 107995 
108000 108138 
143710 143745  
161642 162735
162860 162860 
162863 162863 
162866 162868 
162870 162873 
162877 162878 
162880 162889 
162916 162918 
162922 162922 
162928 162931 
162948 162962 
163086 163104 
