1579 1599
1601 1764
1778 1815
1953 1953
1955 1957
1960 1961
1963 1964
1966 1966
1968 1968
1974 1975
1977 1979
1981 1985
1987 1988
1990 1992
1995 1995
1998 1999
2001 2001
2003 2003
2008 2010
2012 2014
2016 2020
2022 2023
2025 2027
2030 2030
2033 2034
2036 2036
2038 2038
2043 2128
2144 2145
2148 2215
2438 2438
2440 2442
2445 2445
2448 2449
2451 2451
2453 2453
2459 2460
2462 2463
2466 2469
2471 2473
2475 2476
2478 2480
2483 2483
2486 2487
2489 2489
2491 2491
2496 2498
2500 2501
2504 2531
3136 3212
3300 3300
3304 3306
3308 3311
3316 3316
3320 3320
3324 3324
3327 3329
3331 3332
3334 3339
3341 3341
3343 3344
3346 3346
3348 3354
3357 3357
3359 3359
3367 3368
3385 3428
3587 3707
3708 3724
6402 6426
6447 6472
6473 6529
6530 6584
6615 6649
6650 6701
6702 6763
6764 6807
6808 6856
6857 6911
6927 6931
6932 6953
6954 6965
6966 6981
6982 7004
7005 7020
7023 7026
7153 7207
7230 7266
7360 7448
7449 7458
7880 7963
9090 9211
9221 9223
9228 9330
9332 9389
9518 9519
9541 9541
10721 10762
10876 10973
11218 11218
11223 11227
11229 11238
11242 11242
11246 11248
11257 11257
11259 11259
11264 11264
11444 11485
12017 12053
12279 12302
12388 12425
12487 12537
12655 12741
13816 13823
13825 13827
13835 13836
13838 13843
13850 13850
13853 13853
13855 13857
13870 13873
13883 13885
13889 13889
13936 13956
14095 14112
16659 16731
16732 16827
16828 16977
16978 17132
17133 17188
17189 17253
17261 17267
17277 17280
17285 17288
17298 17299
17308 17312
17316 17396
17442 17534
17535 17661
17662 17778
17779 17870
17878 17899
20057 20121
20122 20194
20870 20956
21067 21112
21232 21264
21277 21309
21410 21496
21675 21677
22026 22235
24883 25150
26249 26249
26259 26259
26263 26267
26272 26274
27578 27670
28048 28135
28136 28182
28191 28283
28284 28342
28343 28438
28439 28488
28489 28525
28526 28571
28572 28606
28607 28691
28692 28780
28781 28948
28949 29400
29401 29530
29531 29636
29637 29675
29676 29808
29809 29884
29885 29917
29918 29959
29960 30001
30002 30083
30118 30195
30196 30236
30237 30261
30268 30275
30280 30294
30301 30301
30306 30310
30312 30314
30317 30328
30330 30331
30333 30339
30344 30472
30473 30533
30534 30540
30541 30574
30575 30757
32218 32235
32247 32269
32274 32299
33866 33873
33876 33944
34016 34148
34149 34308
34348 34365
34368 34391
34414 34454
34456 34468
34496 34571
34572 34684
34685 34741
34791 34943
35033 35193
35201 35238
35486 35523
35686 35695
35698 35707
35712 35713
36026 36234
36252 36353
36354 36381
36440 36440
36442 36446
36498 36574
36619 36635
36706 36767
37136 37227 
37477 37578
37579 37624
37625 37679
37680 37753
37754 37755
37760 37763
37774 37806
37807 37854
37855 37905
37917 37919
37958 38036
38071 38152
38215 38269
38272 38272
38277 38277
38286 38357
38458 38504
38523 38549
38557 38563
38565 38579
38592 38608
38653 38681
38704 38708
38710 38717
38725 38746
38786 38786
38788 38823
38866 38898
38899 38921
38922 38941
40807 40833
42529 42588
42599 42606
42619 42628
42739 42757
42808 42828
43049 43096
43100 43122
43137 43149
43203 43227
43313 43317
43322 43323
43333 43333
43342 43342
43345 43346
43349 43350
43352 43352
43355 43355
43362 43365
43730 43734
43748 43748
43754 43755
44033 44107
44204 44297
51793 51814
51818 51866
51872 51875
51881 51883
51885 51890
51898 51974
51976 51979
51982 51994
51996 51998
52003 52003
52121 52142
52145 52148
52150 52150
52156 52159
52163 52166
52168 52169
52171 52171
52198 52247
52300 52321
52324 52326
52346 52355
52357 52381
52598 52605
52608 52623
52785 52785
52846 52848
52850 52851
52853 52861
52864 52883
57368 57377
57442 57497
58931 59023
59177 59183
59184 59188
59190 59194
59196 59214
59215 59246
59247 59267
59268 59287
59288 59301
61295 61399
61400 61529
61530 61597
61598 61617
61618 61696
61697 61742
61743 61821
61822 61822
61827 61835
61837 61860
61862 61865
61867 61881
61890 61957
61958 62018
62019 62080
62081 62117
62118 62216
62277 62319 
62497 62583
62645 62686
62739 62818
62873 63092 
63156 63245
63308 63380
63519 63594
63666 63740
63992 64014
64289 64306 
64317 64330
64337 64339
64356 64373
64374 64420
64424 64448
64471 64471
64507 64513
64527 64550
64551 64573
64600 64611
64651 64659
64660 64668
64669 64674
64679 64683
64684 64701
64702 64731
64732 64742
64744 64756
64757 64764
64765 64775
64776 64790
64791 64799
64800 64801
64804 64808
64810 64821
64896 64923
64924 64953
65006 65015
65019 65033
65034 65101 blue
65108 65116 blue
65117 65140 blue
65141 65171 blue
65172 65200 blue
65201 65215 blue
65216 65239 blue
65240 65263
65298 65342
65343 65368
65407 65410
65412 65414
65422 65429
65431 65432
65435 65440
65442 65509
65671 65825
76038 76077
80391 80522
80523 80607
80848 80919
81226 81269
81317 81346
81444 81482
81540 81620
81760 81900
81948 82015
82193 82330
82413 82469
82470 82572
82649 82765
83720 83753
87262 87335
87336 87367
87368 87650
87654 87671
87677 87702
87706 87731
87732 87795
87796 87827
87829 87852
87853 88048
88049 88077
88084 88163
88164 88234
88235 88332
88333 88401
88406 88416
88417 88528
88529 88664
88676 88725
88750 88801
88802 88834
88835 88887
88888 88969
89160 89214
89269 89294
89295 89327
89328 89333
89337 89358
89542 89594
89664 89753
89803 89818
89819 89865
89866 89901
89902 89940
89941 90178
90179 90200
90201 90267
90277 90296
90297 90329
90341 90371
90372 90398
90419 90440 
90458 90479
90480 90490
90491 90492 
90539 90541
90542 90583
90602 90604
90608 90659
90790 90875
91034 91071
91477 91517 
91518 91584
91749 91806
91992 92018
92019 92059
92063 92076
92077 92091 
92106 92111
92114 92123
92124 92135
92137 92137 
92143 92157
92158 92163
92210 92225
92226 92235
92266 92266
92280 92310
92311 92344
92420 92434
92435 92451
92452 92453
92473 92482
92483 92487
92502 92516
92520 92535
92537 92540
92541 92563
92570 92570
92576 92591
92648 92650
92652 92659
92662 92663
92816 92838
92886 92913
92974 92983
92987 92992
93058 93085
93115 93127
93183 93204 
93247 93255
93263 93273
93279 93323
93405 93433
93434 93458
94222 94296
100337 100397
107000 107050
107051 107105
107106 107217
107218 107263
107317 107498
107544 107582 
107725 107741
107742 107804
107852 107853
107855 107915
108021 108078
108079 108200
108201 108244
108661 108692
109321 109346
109366 109370
109372 109380
109381 109427
109544 109569
109614 109701
109787 109831
109910 109910 
109918 109918
109920 109921
109924 109924
109944 109944
109952 109953
109965 109965
109977 109977
109984 109993
110001 110001
110002 110047
110048 110054
110056 110059
110061 110061
110064 110064
110066 110067
110069 110069
110075 110075
110077 110079
110093 110093
110095 110095
110098 110098
110148 110214
110269 110345
110346 110387
110390 110391
110393 110394
110396 110420
110440 110450
110451 110462
110463 110503
110504 110529
110585 110645
110646 110673
110674 110751
110752 110833
110834 110971
111029 111067
111068 111158
111159 111185
111232 111264
111271 111290
111293 111302
111303 111351
111352 111454
112171 112237
112244 112250
112255 112259
112284 112324
112327 112347
112350 112353
112356 112359
112361 112414
112415 112416
112418 112418
112570 112631
112677 112729
112730 113000
114041 114216
114217 114284
114285 114378
114444 114445
114447 114447
114455 114455
114535 114559
114562 114655
114742 114778 
114786 114841
114842 114930
114931 115010 
115045 115110
115111 115176 
115203 115274
115418 115461
115463 115481
115482 115531
115532 115571
115610 115733
115734 115923
115924 116069
116070 116131
116132 116203
116273 116313
116315 116318
116418 116439
116454 116458
116459 116464
116467 116471
116487 116510
116570 116792
116856 116957
116959 116959
116961 116998
117137 117176
117211 117240
117245 117249
117250 117308
117309 117375
117376 117516
117517 117632
117633 117747
117748 117793
117794 117834
117835 117938
118037 118083
118084 118101
118103 118105
118108 118132
118135 118136
118149 118157
118159 118166
118168 118170
118172 118178
118179 118248
118249 118304
118339 118400
118489 118537
118538 118607
118608 118663
118664 118717
118760 118796
118797 118821
118847 118853 
118861 118916
118917 118938
118940 118950
118951 118969
118970 118982
118989 118989
119025 119050
119060 119066
119075 119075
119077 119077
119085 119151
119152 119167
119170 119173
119174 119212
119286 119361
120103 120149
120150 120156
120161 120238
120242 120244
120472 120510
120511 120535
120536 120543
120544 120553
120554 120555
120557 120557
120563 120575
120576 120595
120596 120620
120626 120635
120637 120647
120648 120668
120683 120738
120739 120766
120767 120802
120973 121022
121023 121062
121063 121083
121092 121134
121135 121204
121205 121241
121242 121247
121249 121283 
121284 121328
121329 121378
121384 121406
121407 121438
121439 121452
121454 121457
121460 121490
121496 121500
121511 121534
121535 121549
121550 121553
121555 121574 
121586 121599
121600 121630 
121640 121645
121648 121662
121663 121723
121792 121814
121834 121841
121860 121863
121868 121874
121876 121901
121906 121907
121913 121918
121961 121977
121978 121997
121998 122013
122014 122027
122027 122045
122048 122063
122068 122069
122072 122075
122078 122082
122088 122107
122109 122113
122115 122118
122138 122166
122167 122184
122189 122209
122210 122222
122223 122265
122266 122303
122321 122345
122346 122362
122364 122369
122372 122373
122379 122380
122383 122389
122390 122411
122412 122425
122426 122427
122440 122462
122497 122521
122522 122535
122544 122549
122556 122560
122562 122573
122576 122579
122580 122593
122647 122713 
122779 122865 
123023 123068
123124 123153
123157 123176
123210 123211
123212 123224
123225 123237
123260 123260
123307 123329
123362 123422
123426 123460
123461 123511
123582 123640
123718 123784 
123833 123912
123976 123979
123983 123996
123998 124009
124010 124034
124035 124059
124069 124137
124138 124175
124176 124193
124194 124243
124244 124299
124300 124338
124498 124518
124551 124591
124595 124650
124651 124736
124823 124824
124827 124865
124886 124924
124925 124952
124953 124980
124989 124992
124994 125022
125114 125132
125202 125205
125255 125281
125282 125309
125310 125340
125341 125343
125414 125454
125623 125663
125698 125725
125755 125765
125835 125840
125861 125876
126146 126187
126188 126205
126206 126223
126225 126246
126247 126266
126286 126291
126293 126331
126394 126434
126435 126516
126604 126634
126645 126647
126749 126785
126790 126824
126825 126859
126881 126947
127015 127050
127052 127079
127083 127108 
127124 127124
127125 127152
127153 127177
127178 127204
127231 127240
127243 127249
127251 127330
127370 127375
127382 127390
127413 127418
127420 127432
127446 127454
127457 127481
127482 127482
127485 127489
127534 127535
127538 127539
127576 127597
127598 127600
127607 127618
127619 127620
127623 127641
127651 127667
127668 127668
127699 127738
127745 127755
127856 127873
127879 127901
127911 127921
127923 127930
127932 127932
127934 127936
127950 127969
127980 127986
127993 127993
127998 128006
128007 128009
128012 128055
128056 128060
128063 128126
128160 128169
128178 128179
128216 128280
128283 128297
128302 128306
128312 128332
128335 128347
128353 128360
128361 128389
128390 128426
128428 128451
128452 128528
128556 128634
128650 128679
128778 128792
128814 128826
128901 128912
128916 128930
128931 128953
128978 129020
129021 129037
129040 129047
129126 129167
129169 129171
129172 129200
129201 129262
129263 129316
129317 129329
129369 129403
129431 129455
129461 129470
129506 129532
129541 129544
129551 129560
129561 129582
129583 129594
129598 129624 
132598 132743
132744 132745
132756 132764
132766 132766
132770 132770
132772 132775
132780 132786
132798 132801
132813 132910
132911 132983
132984 133027
133080 133158
133627 133700
134401 134488
135566 135618
135653 135687
140122 140148 
