2048 2057
2060 2084
2090 2091
2098 2098
2117 2126
2142 2144
2149 2182
2184 2203
2205 2254
2609 2645
2648 2657
2662 2677
2689 2747
2749 2775
2930 2937
2942 2949
3136 3212 
3299 3372
4786 4802
4806 4821
4934 4936
4940 4941
4945 5047
5061 5083
5095 5108
5122 5127
5169 5198
5240 5249
6344 6401
6402 6426
6427 6446
6447 6467
6471 6472
6615 6649
6717 6763
6777 6807 
6911 6918
6922 6931
6932 6946
7565 7605
9180 9331
9332 9389
9390 9431
9464 9471
9475 9484
9486 9513
9515 9522
9565 9741
9742 9812 
9858 10067 
10443 10519 
11500 11527
11707 11715
11716 11782
11783 11838
12054 12160
12229 12278
12279 12302
12307 12330
12331 12354
12355 12387
12426 12486
12487 12537
12538 12541
12552 12558
14179 14183
14184 14184
14226 14241
14257 14260
14263 14284
14291 14298
14325 14329
14332 14342
14395 14396
24894 25150 
27578 27670
27671 27751
27868 27904
27922 27948
28048 28135
29885 29917 
29960 30001
30002 30083
34085 34148
37270 37365
38462 38504 
38523 38545 
38651 38686
38699 38703
48010 48019
48509 48521
49368 49418
49451 49482
50953 51061
51500 51552
51793 51817
51819 51871
51931 52030
52096 52120
52143 52171
52198 52247
52416 52436
52437 52515
52516 52548
52577 52597
52598 52623
52624 52639
52662 52707
52708 52756
52757 52787
52788 52819
52820 52845
52884 52953
52954 53026
53027 53081
53905 54100
54319 54423
54541 54683
54701 54713
54714 54723
54744 54875
58320 58407
58411 58441
58446 58478
63846 63873
63902 63923
63955 63991
63992 64014
64038 64093
64094 64103
64119 64149
64157 64163
64223 64278
64289 64306 
64307 64314
64317 64321
64336 64340
64343 64355
64356 64373
64374 64420
64421 64448
64450 64461
64465 64468
64471 64484
64485 64495
64499 64507
64508 64513
64551 64573
64579 64589
64619 64641 
64685 64701
64743 64745
64766 64775
64789 64790
64896 64923
65006 65033
65240 65258
65398 65424
65426 65432
65435 65437
66001 66177
74026 74056
74057 74102
74103 74113
74618 74620
74625 74632
74775 74776
74781 74801
74811 74812
75091 75103
75104 75117 
75118 75130
75136 75138
75171 75176
75197 75207
75208 75218
75243 75245
75252 75254
75260 75263
75390 75398
75414 75429
75440 75447
75467 75478
75480 75482 
75490 75497 
75505 75507
75513 75533
75538 75542
75543 75559
75560 75568
75569 75590
75591 75596 
75619 75640
75644 75645
75649 75650
75652 75667
75670 75671
75672 75692
75694 75701
75703 75735
75744 75744
75750 75754
75760 75762
75763 75776
75777 75787
75788 75801
75807 75813
75814 75839
75840 75886 
75887 75942
76004 76077
76210 76285
77013 77019
77030 77121
77203 77230
77256 77265
77339 77344
78236 78250
78253 78294
78461 78528
79323 79353
80832 80919 
81226 81269 
81351 81356
81357 81443
81444 81470
82193 82330
82446 82469
82649 82765
82845 82926
82996 83050
84111 84141
84142 84207
84212 84216
84255 84334
85077 85108
85110 85118
85164 85255
85261 85286
85287 85371
85398 85494
85495 85543
85617 85622
85770 85780
85849 85873
85876 85894
85931 85936
85972 86001
86200 86238
86333 86371
86836 86849
86864 86943
86947 86950
87262 87335
87368 87597
87651 87690
87732 87756
88463 88516
89373 89381
89398 89419
89565 89570
89572 89579
89819 89865
90204 90209
90211 90211
90297 90340
90372 90398
90399 90418
90419 90440
90441 90456
90457 90479
90487 90489
90491 90541
90542 90569
90571 90583
90584 90601
90602 90609
90612 90659
90660 90702
90703 90744
90906 90955
90956 91033
91306 91322
91323 91339
91340 91368
91369 91393
91410 91433
91450 91471
91473 91490
91830 91856
91875 91896
91965 91991
92011 92018
92040 92060
92077 92091
92102 92105
92106 92108
92113 92123
92124 92126
92128 92142
92143 92157
92164 92192
92193 92225
92237 92253
92256 92279
92280 92310
92420 92434
92435 92439
92444 92450
92532 92540
92541 92545
92547 92563
92592 92615
92759 92761
92765 92778
92781 92781
92789 92793
92807 92808
92988 92992
93128 93142
93143 93147
93250 93278
94788 94859
94861 94873
94878 94896
94897 94980
94981 94986
100337 100397
101343 101356
101381 101403
101557 101607
101608 101627
101704 101818
101819 101832
102122 102190
102749 102755
102758 102760
103882 103926
103950 103987
104321 104325
104328 104333
104335 104337
104345 104362
104363 104446
104485 104512
104598 104607
104612 104627
104628 104645
104657 104663
104676 104696
104775 104838
104843 104855
104944 104955
104977 104996
104997 105011
105029 105047
105052 105072
105077 105092
105096 105107
105233 105296
105477 105494
105497 105517
105706 105759
105760 105818
106379 106510
107000 107050
107051 107105
107106 107216
107499 107543
107544 107582
107583 107712
107713 107724
107742 107851
107990 108078
108079 108200
108201 108244
108274 108336
109018 109118
109144 109165
109166 109174
109178 109181
109321 109380
109381 109427
109428 109453
109454 109543
109570 109613
110140 110147
110148 110214
110345 110387
110388 110420
110421 110441
110451 110462
110463 110503
110504 110529
110530 110584
110585 110645
110646 110673
110674 110751
110752 110833
111029 111067
111159 111185
111186 111226
111229 111231
111265 111302
111303 111351
111455 111511
111696 111757
111862 111975
112217 112231
112286 112304
112570 112631
112730 112962
113118 113171
113172 113282
113426 113430
113434 113464
114217 114228
114299 114301
114324 114378
114742 114782
114794 114833
115275 115320
115368 115382
115385 115481
116418 116458
116459 116466
117137 117210
117211 117249
117540 117632
117748 117793
117794 117834
117874 117938
117939 118036
118084 118115
118128 118145
118155 118178
118249 118304
118538 118607
118856 118890
118917 118940
118970 118989
119000 119024
119025 119050
119061 119065
119085 119110
119116 119123
119125 119151
119152 119161
119171 119173
119175 119183
119199 119212
119286 119361
119362 119380
119495 119611
120033 120123
120126 120149
120150 120295
120554 120562
120574 120575
120576 120595
120596 120620
120648 120668
120683 120738
120739 120766
120881 120909
120910 120918
120933 120970
120987 120996
121024 121062
121095 121115
121151 121161
121220 121232
121234 121241
121263 121271
121390 121402
121405 121406
121409 121422
121427 121430
121511 121534
121535 121549
121578 121581
121609 121619
121715 121723
121788 121814
121815 121831
121851 121855 
121860 121869
121873 121901
121902 121915
121920 121922
121932 121941
121942 121960
121961 121972
121998 122009
122021 122025 
122035 122046
122049 122062 
122065 122067
122069 122070
122102 122108
122109 122111
122138 122166
122182 122184
122195 122205 
122210 122217
122220 122221
122223 122225
122232 122265
122266 122271
122354 122369
122370 122374
122376 122389
122390 122393
122412 122415
122423 122425
122428 122439
122440 122462 
122522 122530
122536 122537
122541 122541
122545 122549
122552 122579
122594 122594
122596 122601
122602 122612
123023 123068
123069 123123
123124 123153
123154 123176
123177 123197
123215 123224
123225 123235
123239 123241
123243 123248
123274 123281
123293 123306
123307 123312
123318 123320
123342 123347
123405 123422
123423 123432
123508 123511
123976 123983
123997 124001
124004 124009
124035 124059
124138 124175
124194 124243
124981 124985
124991 125009
125117 125164
125326 125334
125480 125515
125578 125614
125629 125663
125682 125693
126034 126054
126070 126077
126078 126085
126112 126142
126153 126187
126188 126205
126206 126223
126224 126246
126247 126265
126288 126291
126293 126314
126394 126400
126443 126451 
126455 126485
126493 126498
126516 126516
126667 126675
126681 126683
126688 126688
126692 126699
126734 126791
126796 126824
126855 126862
126873 126875
126892 126901
127080 127099
127243 127263
127807 127826
127843 127853
128056 128169
128717 128738
128749 128751
128753 128753
128763 128774
128778 128792
128793 128801
128814 128820
128822 128824
128827 128844
128903 128930
128931 128940
128978 129020
129172 129182
129317 129329
129379 129380
129391 129403
129404 129424
129456 129465
129471 129473
129475 129499
129538 129560
129585 129621
129626 129637
129680 129695
129769 129789
132622 132743
132744 132812
132984 133114
133195 133338
133627 133700
133856 133928
135566 135618
135647 135687
136231 136281
136521 136552
136565 136576
136601 136615
136623 136662
136663 136713
136714 136746
136749 136763
138548 138575
139391 139400
139402 139442
139835 139973 
139979 139984
139985 140000
140008 140011 
140021 140050
