25795 25887
31157 31496
50269 51486
53603 54071
54556 54835
56308 56384
58538 58721
62813 63623
65326 66863
67065 67319
67751 67815
89787 92637
99635 100085
104097 107071
108149 108208
108725 108833
108887 108922
111011 113689
113690 114254
116519 116718
117218 120321
121233 121593
127754 127898
129606 129615
135064 136924
137580 139753
144596 145903
151680 151830
152690 152889
153253 153356
157537 157709
162421 162435
162709 162739
176414 177677
180296 180469
183239 186419
186520 187605
191893 192452
193103 193646