16694 16712
16754 16811
17478 17479 multicolor 
17505 17548 
17583 17676
18352 18366
20210 20217
21570 21589
21602 21605
21630 21683
24189 24360
24510 24522
31197 31219
37554 37648
37954 38092
39617 39623 white
39624 39688 multicolor
44685 44702
44716 44717
45323 45333 
45936 45962
46164 46175
46186 46241
46278 46297
47601 47670
51558 51736
54361 54382 blue
55449 55535
55628 55709
55710 55800
55801 55875
55876 55975
55976 56041
56042 56163
56164 56210
56211 56247
56248 56307
56308 56384
57533 57556
57562 57562
58213 58248
58992 59084
62904 62938
64204 64223
64328 64592
67401 67495
67542 67601
67658 67721
72779 72819
72854 72865
73021 73049
74858 74904 blue
74972 75081 blue
76073 76184
77333 77403
83770 83770
83810 83820
83835 83857
86171 86183
86633 86639
88192 88211 blue
88405 88491
88556 88638
90312 90314
90333 90335
90737 90741
100549 100574
107610 107629
107635 107737
113840 113855
116095 116191
121235 121236
121241 121585
125911 125916
127000 127001
128556 128575
132834 132874
132877 133042
133116 133149
135797 135802
136955 136966
136975 136983
139580 139648
144356 144360 purple
144361 144367 purple
144368 144377 purple
149867 149944
152046 152089 multicolor
152696 152696 white
164307 164375
180436 180436 multicolor
180451 180451 white
181533 181564
181593 181605
182174 182180
183627 183627 white
184054 184054 white
188867 188867
188879 188911
189523 189561
190125 190154
190316 190347
190568 190574
191923 191953 blue
195182 195254 multicolor
195314 195380
195681 195705
195732 195758
195761 195848
195864 195885
