2802 3441
3548 3647
3916 3981
4088 4164
4165 4395
102775 102809
102875 102958
103025 103046
103072 103166
103218 103314
103359 103376
103436 103757
103865 103927
104092 104136
104677 104693
104748 104784 
106682 106722
106781 106833
113234 113257
113432 113493
117380 117422
117477 117617
117756 117804
117816 117829
117976 118048
118375 118464
118529 118543
118666 118699
118724 118800
118836 118892
119024 119056
119081 119152
119221 119303
119531 119610
119651 119727
120871 120931
121040 121121
121171 121194
152615 152622
152690 152701
174091 174176
174271 174318
174458 174504
174603 174669
174797 174951
175059 175226
175428 175533
175745 175806
175922 175974
176016 176119
176120 176328
176384 176428
176443 176471
176481 176484
176492 176509
176529 176658
176659 176913
177064 177083
177113 177128
177174 177189
177208 177216
177226 177274
177285 177317
177322 177365
177381 177393
177400 177451
177531 177622
177653 177682
177714 177769
177786 177788
177989 178061
178085 178139
178168 178184
178189 178191
178193 178264
178268 178272
178276 178284
178299 178301
178309 178314
178328 178344
178364 178408
178421 178424
178430 178538
178560 179036
179421 179443
179461 179495
179505 179510
179520 179522
179524 179526
179577 179623
179638 179684
179868 179907
180010 180065
180099 180117
180119 180149
180236 180342
180421 180437
180450 180469
180475 180508
180602 180648
180656 180708
180842 180895
181061 181127
181133 181142
181178 181238
181421 181443
181565 181592
181676 181718
182135 182173
182229 182256
182278 182316
182467 182484
182513 182538
182564 182599
182733 182774
182789 182819
182833 182860
182937 182982
183035 183053
183128 183168
183348 183359
183370 183374
183406 183426
183510 183629
183655 183682
183717 183754
183960 184074
184167 184181
186529 186861
186880 187002
187282 187338
187463 187552
187596 187622
188443 188467
188610 188668
189748 189843
189844 189913
190005 190154
190314 190347
190383 190416
190684 190753
190856 190970
191193 191300
191439 191482
191553 192027
192445 192580
192664 192718
193048 193137
193368 193377
193544 193604
193738 193791
193810 193871
193990 194065
194145 194151
194162 194166
194247 194271
