22110 22153
22178 22243
22244 22353
22354 22417
22418 22487
22488 22544
22545 22633
22904 22960
23018 23068
23140 23261
23311 23470
23471 23532
23605 23679
23826 23871
23998 24137
24251 24285
24286 24364
24365 24435
24466 24512
24622 24705
24748 24796
24798 24854
24906 24959
24998 25032
43650 43698
54634 54725
54913 54958
54959 55078
55157 55198
55286 55355
64648 64880
64949 64987
65061 65136
65137 65181
66375 66403
68283 68297
68351 68367
68582 68590
68591 68643
68668 68707
82656 82672
82674 82685
87871 87886
87892 87982
89483 89499
89548 89566
100416 100438
102919 103048
103579 103680
103681 103706
103736 103748
104254 104288
115814 115873
115874 115897
115910 115936
115939 116012
116089 116202
123094 123119
123124 123134
123167 123174
143541 143591
143848 143934
143994 144055
144056 144142
144193 144296
144297 144377
144479 144537
144538 144749
144818 144877
144966 145183
145532 145566
145854 145930