5761 5762
5980 5998 white
5999 6074 white
6119 6232 white
6233 6268 white
6269 6291 white
6293 6301 white
6302 6319 white
11499 11513 green
27309 27336 green
27352 27377 green
27448 27485 green
27633 27648 green
27662 27680 green
27714 27771 green
28260 28307
30076 30079
30088 30090
30093 30094
30096 30100
30103 30110
30116 30120
30122 30127
30130 30132
30140 30144
30148 30150
30276 30280
30284 30285
30299 30305
30320 30321
30377 30379
30392 30392
30410 30467
30612 30612
30614 30623
30626 30631
30635 30635
30638 30653
30655 30665
30667 30667
30669 30673
30680 30682
30685 30685
30689 30691
30807 30809
30817 30817
30819 30824
30847 30851
30908 30913
30918 30920
30925 30927
30934 30941
30944 30946
30949 30957
30965 30965
30967 30967
30969 30971
30977 30986
30990 31001
31008 31011
31013 31013
31017 31017
31019 31020
31027 31031
31033 31034
31036 31036
31039 31039
31041 31043
31045 31048
31050 31054
31262 31275
31284 31286
31289 31291
31296 31296
31307 31308
31319 31322
31389 31391
31395 31401
31411 31420
31425 31430
31434 31439
31441 31443
31445 31445
31448 31450
31454 31455
31530 31537
31540 31541
31588 31589
31822 31830
31836 31838
31845 31849
31853 31854
31864 31870
31875 31878
31880 31890
31893 31893
31896 31898
31900 31900
31903 31907
31909 31909
31919 31924
31926 31934
31939 31946
32036 32038
32041 32042
32070 32070
32076 32085
32088 32089
32112 32115
32126 32127
32131 32132
32217 32217
32231 32231
32246 32251
32253 32254
32261 32270
32285 32285
32401 32403
32406 32410
32413 32416
32420 32432
32439 32445
32451 32464
32473 32475
32477 32480
32485 32487
32489 32489
32491 32493
32499 32499
32509 32509
32522 32526
32535 32537
32556 32567
32569 32569
32572 32581
32583 32594
32596 32604
33273 33274
33282 33282
33299 33299
33331 33332
33435 33437
33457 33469
33494 33528
33533 33542
33545 33566
33569 33597
33599 33607
34123 34139
34142 34142
34145 34158
34160 34172
34176 34177
34179 34191
34194 34276
34278 34300
34386 34387
34389 34402
34404 34418
34422 34530
34574 34575
34577 34607
34609 34628
34630 34672
34674 34703
34706 34756
34762 34767
34898 34903
34905 34914
34917 34959
34962 34963
34965 34977
34979 34987
34992 34995
34997 34999
35002 35006
35013 35035
35070 35223
35224 35239
35242 35254
35257 35258
35264 35278
35282 35285
35333 35399
35404 35404
35406 35409
35412 35412
35424 35426
35432 35438
35440 35441
35448 35450
35452 35466
35468 35469
35477 35481
35499 35501
35633 35661
35664 35670
35672 35679
35682 35691
35695 35702
35703 35722
36119 36160
36200 36201
36207 36207
36209 36214
36383 36394
36398 36415
36516 36554
36592 36592
36602 36603
36606 36606
36608 36608
36659 36659
43732 43807
43809 43814
43819 43824
43826 43826
43864 43870
43874 43878
43880 43880
43893 43895
43897 43897
43900 43901
43904 43907
43967 44050
44051 44237
44238 44292
44293 44506
44507 44585
44607 44641
44653 44659
44660 44724
44725 44755
44756 44833
44834 44986
45002 45002
45005 45007
45013 45016
45041 45044
45053 45056
45064 45065
45081 45081
45085 45085
45088 45089
45092 45096
45104 45106
45122 45122
45126 45196
45197 45389
45390 45461
45462 45538
45539 45583
45584 45858
45859 45942
45943 46018
46048 46125
46126 46226
46226 46291
46292 46440
46441 46528
46529 46630
46631 46693
46694 46734
46735 46787
46855 46922
46923 47139
48007 48011
48020 48021
48035 48037
48041 48041
48043 48044
48053 48054
48060 48061
48063 48063
48066 48069
48077 48079
48082 48083
48093 48093
48100 48100
48104 48105
48117 48117
48186 48186
48191 48191
48196 48197
48203 48203
48212 48212
48218 48218
48222 48222
48226 48228
50655 50740
58473 58473
58475 58476
58480 58481
58483 58487
58489 58551
64648 64662
64689 64738
64750 64752
64760 64760
64792 64880
64881 64948
64949 64949
64952 64952
64974 64976
64979 64980
64982 64984
64987 64987
64988 65060
65138 65181
65182 65289
65290 65402
65403 65541
65542 65587
65606 65607
65611 65613
65618 65619
65621 65621
65626 65626
65633 65634
65882 66134
66404 66445
66707 66715 white
66740 66742 white
66770 66773 
66788 66791
66924 66927
67137 67165
67193 67219
67248 67251
67438 67467
67468 67488
68035 68060
68061 68068
68084 68098 
68103 68122 
68163 68167 
68550 68590
68644 68666
68668 68707
68935 69109
69110 69184
69887 69891
69894 69898
69907 69918
69953 69953
69963 69967
69993 70007
70016 70032
70034 70045
70047 70133
70139 70163
70164 70208
70212 70270
70474 70487
71760 71835
71898 71978
72792 72843
73204 73275
73276 73385
74032 74068
74070 74072
74074 74107
74108 74231
74239 74239
74242 74242
74248 74251
74254 74257
74260 74265
74272 74272
74275 74277
74281 74281
74283 74283
74290 74295
74297 74300
74303 74304
74307 74440
74523 74658
74661 74663
74670 74671
74673 74673
74689 74689
74692 74693
74702 74704
74707 74711
74719 74719
74721 74721
74723 74723
74725 74726
74729 74732
74737 74737
74740 74741
74743 74743
74746 74746
74748 74749
74753 74753
74756 74842
75091 75189
75233 75307
75309 75309
75314 75316
75326 75326
75333 75335
75338 75341
75343 75343
75347 75349
75351 75351
75354 75356
75372 75372
75377 75377
75379 75466
75535 75596
82674 82723
82879 83053
83109 83216
83217 83703
83704 83785
83797 83798
83806 83807
83811 83812
83815 83815
83818 83821
83826 83876
83877 83971
84120 84222
84814 84821 white
84867 84890 white
84891 84914
85093 85095 white
85099 85101
85536 85586
85587 85616
85617 85692
85693 85755
85756 85841
85944 85994
86081 86108
86109 86110
86111 86113
86114 86120
86121 86121
86125 86156
86158 86159
86164 86165
86170 86182
86185 86196
86212 86222
86240 86259
86260 86295
86296 86349
86389 86463
86464 86512
86626 86742
86743 86747
86755 86763
86783 86799
86924 86933
86934 86969
86983 87006
87022 87035
87036 87036
87039 87048
87050 87050
87056 87057
87063 87066
87069 87091
87092 87098
87107 87109 white
87116 87117 white
87136 87136
87142 87142
87151 87160
87168 87178
87323 87452
87453 87501
87553 87669
87670 87746
87753 87867
87892 87923
87989 88044
88338 88340 white
88420 88454
88474 88482
88521 88531
88903 88974
89075 89086
89158 89213
89214 89268
89669 89687 white
89913 89940
89982 89983 white
89985 90013
90280 90347
90379 90385
90393 90415
90424 90427
90438 90440
90450 90452
90456 90491
90527 90555
90587 90617
90618 90624 white
90626 90628
90632 90636
90652 90658 white
90697 90712
90742 90742
90746 90749
90791 90791
90795 90795
90820 90821 white
90998 91008 white
91044 91068 
91327 91375
91376 91378
91379 91405
91406 91407
91408 91412
91413 91469
91470 91506
91519 91524
91575 91577 white
91971 91971
92145 92179
92180 92224
92351 92431
92432 92434
92440 92445
92446 92469
92613 92633
92657 92686
92823 92845
92909 92913
92920 92985
92986 92990
93042 93057
93064 93166
93169 93298
93299 93417
93418 93438
93439 93516
95297 95361
95825 95871
95997 96027
96176 96234
96353 96407
96535 96657
96957 97005
97083 97127
97210 97285
97710 97741 white
97803 97845 white
97883 97913 white
97940 98024 white
98386 98473 white
98503 98556
98586 98589
98591 98592
98594 98602
98608 98609
98611 98612
98614 98615
98617 98618
99064 99081
99136 99380
100209 100302
101880 101889
110440 110574
110588 110591
110597 110622
110625 110643
110647 110670
110747 110753
110766 110811
110831 110842
111356 111385
111411 111434
112225 112263
112311 112381
112937 113101
113102 113142
115144 115147
115245 115250 white
115796 115937
115938 116012
116013 116088
116089 116215
116216 116348
116353 116406
116407 116483
116491 116503
117359 117520
117833 117946
117947 117970
117997 118014
118033 118081
118082 118093
118110 118118
118119 118143 white blue
118144 118179
118180 118186
118248 118274
118300 118352 white blue
118353 118467 white blue
118468 118500
118587 118640 white blue
118641 118737 white blue
118836 118878 white blue
118879 118940 white blue
118941 118951 white blue
118952 119121 white blue
119122 119220 white blue
119345 119439 white blue
119593 119665
119766 119773
120141 120144 white
120342 120348
120831 120866
120867 120877
120881 120892
120919 120919
120927 120927
120935 120935
120949 120949
120983 120984
121114 121201
121349 121434
122059 122153
122483 122507
122515 122527
122528 122545
122597 122611
123094 123123
123124 123194
123195 123242
123243 123304
124559 124641
124661 124701
124712 124867
124868 124992
124993 125143
125280 125434
125435 125872
132931 132948
135158 135182
135204 135222
135286 135291
135469 135615
135616 135732
135733 135814
135815 135866
135867 136069
136176 136390
136510 136587
136588 136725
136836 136880
136926 136980
137067 137126
137168 137183
137233 137257
137258 137289
137290 137300
137320 137333
137334 137375
137376 137429
137430 137508
137509 137554
137555 137731
137732 137786
137787 137982
137983 138041
138042 138101
138102 138145
138148 138204
138207 138266 purple
138347 138421 red blue yellow
138422 138454
138455 138473 red Yellow green blue 
138474 138506 red Yellow Pink blue
138507 138572
138573 138584
138597 138609
138610 138653
138654 138724
138725 138734
138735 138796
138807 138860
138861 138899 red blue
138900 138935
138936 138975
138976 138990
138991 139060
139062 139072
139073 139148
139149 139172 green
139173 139228
139229 139300
139301 139351
139352 139378 red blue purple
139379 139433
139434 139447
139448 139460
139461 139474 red blue
139475 139498
139517 139537
139538 139575
139576 139617
139618 139671
139672 139687
139688 139702
139703 139722
139723 139731
139735 139757
139785 139814
139815 139848
139858 139896
139897 139899
139903 139907
139910 139915
139921 139930
139933 139935
139936 139947 red
139949 140005 
140006 140026 purple blue
140027 140051
140280 140384
142886 142900
143160 143181
143182 143247 green
143248 143410 green
145619 145669
153423 153427 white
153474 153615 white
153616 153727 white
153728 153811 white
153850 153934 white
154032 154209 white
154222 154258 white
154269 154301 white
154343 154368 white
154369 154397 white
154398 154454 blue
154455 154462 white
154532 154647 blue
154648 154764 white
155067 155090 white
155773 155846 white
156090 156134 white
156145 156178 white
156179 156227 white
156309 156416 white
156605 156647 white
156754 156860 white
157118 157197 white
157269 157299 white
157483 157560 white
157606 157692 white
157835 157914 white
157967 158081 white
158156 158218 white
158356 158497 white
159011 159084 white
159169 159249 white
159373 159377 white
159381 159386 white
159389 159396 white
159397 159404 white
159412 159422 white
159436 159450 white
159454 159465 white
159482 159520 white
159548 159578 white
159618 159652 white
159847 159856 white
160326 160339 white
160385 160386 white
160398 160401 white
160416 160431 white
160499 160508 white
160617 160637 blue
160646 160653 white
160691 160696 white
160909 160910 white
160911 160959 white
166423 166428 
166468 166473 white
166478 166479 white
166481 166483 white
166493 166496 
166519 166528 
166539 166541 
166554 166556 
166588 166594 
166615 166620 
166637 166647 
166653 166654 
166655 166658 
166670 166675 
166681 166692 
166693 166700
166726 166729 white
166761 166766 
166883 166888 white
166955 166961 white
167118 167120 white
167129 167137 white
167157 167162 white
167163 167169 white
167183 167185 white
167191 167199 white
167204 167217 white
167219 167219 white
167227 167232 white
167256 167262 
167303 167308 
167327 167339 white
167343 167348
167352 167356 white
167362 167373 white
167444 167453 blue
167454 167462 
167464 167469 
167480 167493 
167535 167539 white
167549 167553 white
167586 167592 
167594 167596 
167598 167604 blue
167646 167649 blue
167704 167709 
167719 167726 white
167743 167746 white
167768 167771 white
167777 167778 white
167843 167843 white
167846 167856 white
167905 167910 green
167920 167921 green
169150 169152 red
169160 169164 red
170377 170417 green
170854 170859 red
170861 170869 red
170885 170940 green
170947 170996 white red
171031 171071 white red
171097 171113 red
171114 171164 blue
171165 171186 red
171187 171203 blue
171204 171225 red
171226 171270 red
171271 171273 blue
171276 171277 blue
171279 171283 blue
171290 171291 blue
171296 171297 blue
171299 171302 blue
171320 171355 blue red
171356 171388 red
171389 171429 blue
171430 171453 red
171470 171471 red
171472 171494 blue
171495 171508 
171537 171611 
171664 171708 
171758 171779 
171790 171833 
171884 171924 
171925 171951 
171970 172004
172008 172013
172016 172019
172023 172027 blue
172067 172068 blue
172072 172074 blue
172144 172188 blue
172195 172301 blue
172370 172372 blue
172415 172473 blue
172521 172558 blue
172600 172603 
172622 172624 
172629 172631 
172635 172637 
172741 172742
172745 172747
172750 172751
172756 172759
172762 172765
174209 174212 green
174297 174307 green
174750 174771 
176438 176449 green
176462 176474 
176500 176508 
177235 177248 green
177261 177277 green
177282 177324 green
181407 181561 
181585 181585 
181615 181632 
181707 181721 
181746 181764
182087 182140 
182364 182393 
182429 182462 
182510 182522 
182672 182708 
182782 182935 
