44635 44635
44640 44640 
44645 44645
44647 44647 
44652 44652
44657 44657
67877 67877
67886 67886
67895 67895
67902 67902
67911 67911
67922 67922
67928 67928
67932 67932
67937 67937
67942 67942
67951 67951
68786 68786
68791 68791
68806 68806
68825 68825
68840 68840
68851 68851
68868 68868
68878 68878
68886 68886
68896 68896
68901 68901
68912 68912
68918 68918
68928 68928
75928 75928
75938 75938
75945 75945
76446 76446
76457 76457 
76470 76470
92068 92078
92087 92092
92095 92122
92179 92259
92260 92334
92335 92396
92397 92425
116894 116947
116948 116973
116974 117023
117027 117030
117048 117067
117409 117496
119729 119729
119731 119731
119737 119737 
119742 119742 
119776 119776
119781 119781
119786 119786
119789 119790
119795 119796
119800 119801
119818 119819
119823 119823
120172 120172
120175 120198
120199 120250
120260 120296
120300 120300
120313 120321
120345 120383
120444 120444
120446 120446
120448 120448
120460 120460
120462 120462
120464 120464
120466 120466 
120469 120469
120471 120471
120474 120474
120477 120477
120481 120481
120485 120485
120490 120490
120492 120492
120494 120494
120500 120500
120502 120502
120529 120529
120546 120546
120556 120692
120805 120821
122167 122167
122176 122176 
122183 122183
122190 122190
122195 122195
122803 122944
123118 123174
123176 123187 
123210 123269 
123318 123329
123444 123505
123506 123537
123546 123584
123697 123727
123741 123757
123758 123780
123804 123814
123823 123829
123972 124046 
124328 124457
124458 124471
124495 124500
124573 124578
124601 124603
124747 124765
124778 124784
124787 124793
124926 124969
124990 125064
125078 125101
125144 125170
125188 125256
125303 125343
125344 125358 
125390 125425
125468 125523
125524 125583
125651 125669
125679 125725
125777 125913
125978 126047 
126848 126868
127780 127810
127902 127945
128205 128235
128399 128446
128600 128642
128821 128873
128940 128962
128996 128998
128999 129140
