13014 13068
13069 13110
13216 13240
13261 13261
13304 13319
13357 13376
13468 13584
13790 13975
14137 14235
14301 14612
71300 71349
71355 71432
71475 71514
71525 71650
71653 71739
71796 72228
72236 72239
72249 72252
72261 72266
72273 72286
72363 72368
72415 72443
72456 72468
72478 72506
72646 72723
72754 72795
72869 72881
73065 73330
74522 74595
75612 75617
94352 94425
94514 94548
94556 94557
94626 94629
94654 94680
94704 94726
96018 96079
96081 96567
96568 96703
96704 96888
96889 96950
97249 97316
97407 97461
97462 97552
97553 97650
97651 97754
98100 98102
98121 98122
98304 98515
98823 98949
99065 99135
99165 99676
112401 112517
112519 112526
