4642 4681 
6766 6795
6796 6843 
6881 6908  
8212 8364 
8431 8511 
8568 8616
8782 8798
8811 8817
8836 8853
8905 8924
8926 8927
8930 8933
8940 8947
8954 8963
8971 8978
8986 8993
9003 9007
9035 9167
9168 9249
9252 9397 
9450 9478 
9542 9658
9709 9739
9912 9953
10004 10023
10059 10136 
10184 10258
10259 10326 
10327 10390
10444 10506 
10507 10674
10675 10712
10773 10805 
10847 10894
10983 10998
11042 11062
11091 11105
11115 11118
11124 11150
11905 12114 
12238 12362
18082 18505
18922 18930
18934 18977 
22128 22322
26494 26535
26564 26678
26679 26725
26766 26867
28276 28379
28477 28491
28494 28505
28659 28776
28798 28810
29647 29715
30038 30091
30214 30257
30319 30335
30394 30489
30522 30630
30850 30872
30873 30989
31000 31005
31028 31036
31042 31152
31187 31246
31247 31436
31483 31548
31566 31596
31602 31704
31705 31778
31797 31863
31921 31953
32136 32166
32243 32283
32294 32323
32340 32347
32468 32481
32492 32498
32512 32542
32544 32661
32682 32941
32984 33182 
33183 33260
33391 33476
33477 33599 
37135 37175
37585 37605
37607 37613
37621 37626
37659 37667
37668 37686
37777 37782
37788 37804
37857 37871
37999 38002
38047 38073
38074 38108
38123 38132
38140 38156
38157 38164
38187 38385
38387 38398
38421 38452
38472 38518
38521 38566
38590 38622
38700 38722
38723 38747
38759 38975
38987 39339
39340 39341
39352 39372
39383 39392
39408 39416
39431 39445
39460 39466
39467 39548
39549 39568
39584 40002
40003 40201
40202 40436
40437 40607
40608 40624
40626 40780
40781 40792
40814 40827
40834 40882
40903 40988
41039 41103
41173 41205
41207 41209
41227 41235
41256 41389
41400 41411
41412 41699
41700 41782
41797 42027
42038 42352
42353 42533
42534 42626
42627 42745
42754 42775
42797 42811
42861 42894
42983 43014
43027 43039
43130 43279
43451 43588
43710 43775
43906 43963
44042 44101
44113 44198
44270 44279
44281 44325
44326 44377
44378 44387
44389 44406
44466 44581
44590 44605
44644 44655
44730 44731
44734 44738
44743 44745
44759 44760
44787 44815
44819 44828
44830 44845
44979 45007
45125 45129
45132 45134
45139 45141
45180 45185
45250 45264
45282 45296
47576 47667
47723 47746
47778 47809
47828 47886
47894 47896
47989 47999
48003 48015
48022 48048
48049 48050
48124 48262
48401 48469
48793 48850
48868 48894
49157 49203
56529 56543
56607 56615
56659 56689
56730 56743
57071 57108
57546 57659 
58466 58491
58529 58581
58599 58693
59580 59617
59653 59672
59771 59805
59870 59936
60363 60382
60389 60552
60751 60902
60907 60913
60914 60975
61565 61586
62753 62778
62786 62815
62824 62831
63180 63228
63365 63738
64721 64953 
67465 67481 
67482 67484
67488 67561
67596 67601
67606 67664
67716 67744
67745 67792
67793 67902
67903 67930
67931 67951
68046 68089
68638 68642
68646 68728
68777 68814
68821 68875
68876 68884
68895 68925
68926 68998
69007 69025
69049 69057
69100 69107
69139 69197
69206 69229
69340 69428
69429 69512
69675 69681
74826 74850
75349 75379
75810 75827
75828 75852
75910 75924
75925 75950
75999 76016
76018 76046
76064 76085
76086 76127
76244 76271 
76432 76434
76436 76445
76447 76467
76468 76521
76522 76549
76550 76595
76786 76891
91434 91438
91840 91887
94058 94165
94426 94478
95122 95206
98110 98120
98138 98195
98950 99184
99201 99618
99629 99676
119671 119684
119704 119707
119709 119721
119722 119724
119730 119748 
119749 119766
119769 119788
119789 119834
119835 119912
119913 120000
120001 120053
120054 120092
120093 120139
120140 120175
120177 120181
120199 120308
120312 120334
120340 120364
120366 120377
120380 120383
120414 120453
120454 120466
120475 120485
120523 120692
120693 120804
120805 120875
121830 121873
122147 122158
122160 122173
122174 122191
122192 122200
122202 122207
122253 122305
122625 122651
123355 123362
123972 123995
124426 124454
124522 124572
124627 124629 
124651 124657
124663 124673
124680 124725
124831 124853
124866 124867
124883 124886
125068 125077
125081 125101
125102 125109
125134 125143
125272 125281
125304 125343
125344 125358
125359 125385
125426 125467
125475 125523
125524 125559
125561 125583
125584 125586
125690 125711
125739 125776
125777 125913
125978 126047
126048 126109
126338 126397
126591 126627
130843 131241
