11346 11411 
21456 21636
21723 21843
21844 22016
23691 23778
23854 23957
25230 25302
25378 25395
25396 25414
25415 25528
31543 31647
34118 34335
34497 34653
67617 67803 multicolor
73256 73343
73382 73480
73542 73598
73619 73671
73736 73780
74075 74167
74308 74551
74614 74746 multicolor
74747 74874
74934 75148
75233 75328
75329 75696
75888 75950
76029 76107
76217 76288
76377 76566
76710 76871
76944 76996
77211 77272
77470 77522
77668 77755
77824 77863
77962 77996
78019 78037
78068 78130
78195 78202 white
78386 78652
81854 82339
82427 82512
84870 84939
86561 86574
86617 86631
86656 86665
87099 87209
87726 87842
87896 87935
87960 88012
88336 88387
88662 88668
88678 88705
88786 88828 
89036 89101
89145 89338 
89353 89413 
89450 89540
89561 89603
89896 89975
90115 90172 
90198 90403 
90575 90591 
90634 90684 
91819 91864 
92417 92765 
92932 92960 
93268 93274 
93509 93620 
93647 93677
93692 93710
94068 94194 
96190 96394
96512 96803
102642 102673
102825 102848
102869 102956
103078 103953
104001 104291
104340 104548
123601 123830
124041 124515
124516 124768
125361 125412
125913 126023
128444 128469
128482 128498
128533 128546
128588 128603
128643 128675
128744 128772
128832 128860
128960 128990
129010 129041
129587 129598
129656 129684
130398 130425
130501 130635
130740 130782
132328 132477
132749 132780
133329 133414
139510 139588 multicolor
140167 140170
140178 140179
142251 142398
142797 142856
142916 142941
142972 143014
143056 143184
143240 143724
151640 151640
152302 152304
184221 184261 
184566 184622 
184826 184839 
184860 184877
185085 185125
185511 185530
185583 185724 
185804 185819
185914 185974 
186113 186155
186197 186233
187039 187454
187544 187599
187719 187758
189687 189727
189750 189783
189803 189967
190098 190316
190470 190507
190589 190662 
190702 190752 
190796 190860 
191137 191187
191252 191266
191443 191483
191611 191653 
191678 191732 
192827 192911 
193004 193156 
193211 193320 
193489 193519
194560 194634
195347 195491
195527 195777
196012 196105
196132 196361
196736 197131
198692 198729
198790 198812
200157 200209 red
200228 200249 red
200275 200321 red
200354 200380 red
200416 200428 red
201039 201101 green
201193 201226 green
202232 202280
202510 202994 multicolor
203059 203125 multicolor
203154 203188 multicolor
203341 203486
203730 203829
203880 203977
204021 204098
205541 205638
207408 207495
207863 208198 multicolor
