5863 5994
35297 35320
35446 35472
35494 35520
37884 37938
38122 38125
38137 38142
38150 38159
39352 39385
46763 46786
46795 46816
52735 52854
61140 61192
61284 61688
67606 67618
67651 67667
72075 72153
72154 72224
73203 73253
74040 74072
74613 74643
74666 74724
75233 75252
84265 84348
85719 85763
86561 86574
86617 86631
86656 86665
86666 86718
86915 86954
87078 87209
87394 87480
87535 87609
87726 87842
87871 87935
88795 88828
88903 88929
89036 89087
89157 89338
89362 89413
89467 89534
89895 89970
90115 90172
90198 90258
90389 90403
90526 90550
90569 90583
90605 90684
90885 90918
91036 91064
91223 91256
91311 91317
91412 91421
91468 91474
91684 91712
91732 91775
91796 91807
92408 92765
92876 92882
92906 92908
92921 92924
92993 93005
93103 93198
93233 93265
93496 93580
107122 107193
107275 107342
116384 116459
116807 116959
118864 119014
119489 119604
119665 119745
119747 119771
119836 119992
120026 120295
120361 120390
120439 120451
120511 120545
120572 120601
120650 120671
120797 120874
120931 120958
132290 132359
132374 132404
132527 132529
132600 132623
133316 133341
133359 133395
133445 133468
133477 133543
136733 136791
136834 137078
137172 137228
138241 138304
139392 139588
140082 140127
150733 150816
151268 151307
151358 151433
151611 151643
151662 151673
152263 152307
156684 156743
156862 156934
156970 157074
157226 157402
157443 157511
157596 157907
157954 158051
158187 158211
158252 158477
160246 160314
161540 161734
162077 162261
162262 162306
162314 162382
162504 162567
165886 165904
166375 166414
166497 166614
167568 167642
168083 168133
168412 168441
169148 169164
169715 169781
177368 177486
183007 183133
183134 183247
183855 183880
184008 184055
184194 184261
184506 184607
184826 184838
184858 184909
184954 184992
185084 185125
185318 185375
185511 185530
185559 185640
185682 185724
185782 185819
185912 185974
186015 186053
186112 186137
186197 186233
187036 187336
189686 189727
189750 189783
189803 189908
190098 190316
190414 190419
190589 190860
191137 191187
191252 191265
191376 191413
191611 191703
193004 193134
193218 193319
195083 195133
200185 200209
200228 200249
200275 200321
200354 200380
200409 200454
200785 200802
200924 200953
200986 201089
201208 201223
201309 201311
201430 201663
201703 201778
201845 201859
202104 202130
202510 202671
204194 204244
206124 206282
207207 207224
