4805 4828
5126 5251
5333 5518
5681 5689
5700 5720
5727 5777
5782 5795
5796 5898
5917 5986 
6018 6030
6100 6137
6260 6332
6420 6447
6466 6565
6570 6663
6742 6771
6778 6789
6831 6883
6894 7046 
7052 7082 
7100 7202
7223 7228
7257 7262
7294 7310
7335 7371
7372 7431
7432 7549
7550 7664
7678 7726
7783 7801
8187 8194
8201 8225
8236 8239
8331 8373
8426 8503
8608 8661
8664 8797
8801 8811
8821 8823
8854 8926
8933 9008
9034 9061
9136 9253
9296 9302
9330 9345
9389 9436
9499 9513
9546 9555
9576 9596
9618 9690
9703 9710
9795 9801
9809 9812
9828 9836
9841 9849
9851 9893
9910 9924
9926 10046
10053 10157
10177 10262 
10265 10297
10300 10417
10424 10560
10571 10596
10684 10810
10823 10846
10869 11104
11105 11932
12208 12281
12348 13403
13508 13582
13951 14080
14086 14176
22537 22612
22622 22629
22640 22641
23834 23885
23891 23899
23904 23993
32683 32708
32834 33093
33150 33165
33253 33406
33424 34496
34644 34708
34780 34809 
34851 34865
34872 34891 
34900 34911
34932 35028
35066 35419
35502 35525
35553 35575
35606 35645
35697 35744
35799 35996
37022 37059
37110 37276
37383 37447
37623 37635 
37641 37677
37678 37688
38071 38086
38089 38115
38177 38254
38291 38299
38404 38559
38717 38833
38943 39012
39013 39140
39382 39437
39644 39657
39681 39696
39722 39741
39786 40113
40182 40198
40239 40257
40284 40285
40287 40444
40487 40779
40845 40983
41022 41096
41130 41142
41155 41195
41205 41212
41214 41233
41253 41254
41264 41265
41268 41943
41979 41994
42010 42016
42030 42095
42132 42365
42403 42464
42533 42698
42876 42920
43000 43103
43140 43143
44033 44101
44135 44206
44254 44284 
44286 44308 
44446 44769 
44873 45033
45047 45414
45675 45737
46397 46411
46424 46425
46427 46582
46690 46695
46719 46771
46785 46791
46805 46817
46967 47024
47070 47113
47163 47193
47242 47253
47430 47467
47474 47493
47494 47597
47636 47660
48673 48705
53151 53207
56612 56911
56932 56949
56950 56979
56980 57036
57061 57174
57444 57491
57520 57531
57552 57594
57607 57617
58378 58500
58625 58682
58718 58807
59260 59266
59290 59340
59341 59405
59406 59567
60781 60784
60850 60885
60933 60945
61011 61038
61053 61083
61107 61117
61120 61249
68651 68730
68735 68824
68825 68880 
68881 68940
68941 69237
69424 69493
69501 69583
69595 69691
69774 69869
69896 69946
69959 69969
69970 70472
70586 70716
71051 71209
71535 71760
71925 72050
72241 72435
72562 72675
72731 72754
72755 72811
72812 72903
72904 72963
72964 73102
73103 73170
73171 73254
73287 73439
73907 74075
74794 74811
74819 74941
75742 76014
88254 88292
88350 88355
88386 88393
88415 88431
96949 96958
110647 110833
110921 111001
111072 111085
111384 111391
111423 111440
111477 111477
111479 111492
111507 111527
111528 111562
111563 111650
111758 111773
111775 111965
112067 112260
112445 113324
113340 113366
113405 113430
114753 114816
114906 115036
115340 115457
115465 115485
115486 115516
115607 115627
116554 116607
116749 116758
116803 116867
116900 116913
117045 117169
117488 117697
120592 120890
120913 121551
121552 121645
121651 121690
121691 121741
121742 121801
121802 121894
121895 121967
121968 122015
122035 122073
122080 122240
122241 122301
122302 122390
122391 122605
122606 122767
122820 122865
122926 122981
122982 123076
123081 123097
123098 123134
123139 123301
123330 123366
123394 123469
123470 123572
123577 123593
123767 123779
124405 124424
124456 124476
124484 124507
124508 124549
124550 124612
124613 124673
124674 124732
124733 124768
124769 124878
124879 124956
124957 125049
125067 125132
125138 125147
125148 125179
125180 125192
125193 125205
125206 125222
125223 125239
125240 125273
125274 125285
125286 125290
125293 125298
125300 125331
125332 125412
125413 125476
125483 125648
125670 125700
125986 126034
126035 126083
126118 126195
126233 126295
126368 126400
126401 126438
126439 126495
126496 126579
126669 126725
126746 126771
126954 127004
127086 127095
127109 127123
127215 127255
127256 127270
127273 127276
127289 127321
127322 127366
127367 127384
127399 127422
127423 127459
127460 127486
127514 127534
127559 127588
127589 127599
127602 127618
127619 127645
127646 127661
127662 127711
127712 127816
127822 127829
127843 127859
127958 128028
128053 128067
128070 128096
128164 128191
128192 128202
128360 128403
128536 128584
128599 128706
128707 128740
128783 128805
128814 128827
128842 128847
128851 128857
128888 128913
128914 128936
128992 128995
129006 129023
129024 129050
129232 129332
129578 129624
129736 129828
129985 130038
130090 130138
130259 130293
130358 130378
130501 130525
130554 130587
130588 130628
130629 130634
130638 130649
130654 130655
131560 131691
131866 131899
132681 132732
133001 133077
133427 133495
133496 133560
133961 133989
134081 134095
134096 134098
134100 134109
134639 134745
134747 134772
134775 134785
134786 134870
134928 134972
135042 135154
135155 135174
135175 135248
135253 135271
135276 135278
135288 135311
135312 135343
135361 135371
135443 135474
135568 135584
135596 135614
135686 135721
135725 135728
135883 136022
136056 136067
136073 136133
136143 136166
136170 136187
136208 136250
136251 136303
136304 136376
136384 136476
136493 136494
136496 136502
136503 136614
136618 136708
137085 137112
137213 137239
137253 137312
137412 137533
137582 137656
137716 137725
137759 137764
138058 138085
138293 138428
138443 138692
138818 138836
138921 138956
138997 139008
139009 139080
139122 139156
139329 139349
139353 139358
139363 139364
139424 139443
139494 139500
139505 139510
139518 139534
139582 139636
139685 139709
139824 139841
139985 139994
140614 140721
140722 140832
140933 141038
141739 141819
141829 141852
141866 141888
142316 142470
142828 142917
143084 143100
143174 143189
143239 143249
143543 143723
