6425 6425 
6427 6427
6430 6430
6435 6436 
6439 6439
6442 6442
6444 6444
9511 9513
9547 9550
9554 9555
9578 9578
9584 9585 
9589 9589
9592 9592
9596 9596
9619 9620 
9637 9637 
9642 9642
9644 9644 
9647 9647
35269 35269
35571 35573
39723 39723
39745 39745
39788 39788
39804 39804
39816 39816
39819 39819
39824 39824
39835 39835
39839 39839
39912 39912
40320 40321
40330 40330
41140 41140
43389 43423
67208 67218
111774 111774
125171 125171
125179 125179
125194 125194
125199 125199
125205 125205
125225 125225
125230 125230
125235 125235
125255 125255
125333 125333
125356 125356
127271 127276
127293 127293
127321 127321
127426 127426
127428 127428
127434 127434
127440 127440
127452 127452
127453 127453
127454 127454
127455 127455
127456 127456
127457 127457
127458 127458
127469 127469
127472 127472
127478 127478
127482 127482
127484 127484
127485 127485
127562 127562
127564 127564
127569 127569
127581 127581
127629 127629
127637 127637
127644 127644
127647 127648
130563 130563
130590 130594
130607 130607
130621 130628
130660 130667
131123 131134
131202 131248
134099 134109
134114 134121
134157 134206
134211 134232
134237 134359
134639 134678
134685 134691
134696 134699
134701 134742
134746 134751
134753 134756
134761 134761 
134763 134763
134773 134774
134780 134785
134910 134927
134930 134933
134937 134939
134946 134947
135065 135065
135085 135085
135176 135184
135187 135191
135197 135217
135226 135232
135265 135266
135278 135286
135288 135303
135304 135308
135312 135353
135354 135375
135496 135504
135509 135514
135525 135532
135539 135539 
135550 135551
136615 136631
136636 136708
143180 143203
143204 143249
143250 143275
143276 143542
